{
    "calibration_date": "2024-02-16 15:43:51.457397",
    "camera_resolution": {
        "type_id": "opencv-matrix",
        "rows": 2,
        "cols": 1,
        "dt": "d",
        "data": [ 1200.0, 1920.0 ]
    },
    "camera_matrix": {
        "type_id": "opencv-matrix",
        "rows": 3,
        "cols": 3,
        "dt": "d",
        "data": [ 1.0745227041699100e+03, 0.0, 9.6660029948617625e+02,
            0.0, 1.0722111138276989e+03, 5.1670714783807944e+02, 0.0,
            0.0, 1.0 ]
    },
    "distortion_coefficients": {
        "type_id": "opencv-matrix",
        "rows": 1,
        "cols": 5,
        "dt": "d",
        "data": [ 4.9084186529053934e-02, -6.3833107436555500e-02,
            -4.7656677951254467e-03, -1.5692854083812771e-03,
            2.7754462699172564e-02 ]
    }
}
