{
    "calibration_date": "2024-01-31 00:17:32.253749",
    "camera_resolution": {
        "type_id": "opencv-matrix",
        "rows": 2,
        "cols": 1,
        "dt": "d",
        "data": [ 720.0, 1280.0 ]
    },
    "camera_matrix": {
        "type_id": "opencv-matrix",
        "rows": 3,
        "cols": 3,
        "dt": "d",
        "data": [ 9.1659302359150968e+02, 0.0, 6.2839795505733457e+02,
            0.0, 9.1469753557791842e+02, 3.5955028407281213e+02, 0.0,
            0.0, 1.0 ]
    },
    "distortion_coefficients": {
        "type_id": "opencv-matrix",
        "rows": 1,
        "cols": 5,
        "dt": "d",
        "data": [ 3.4329825662321720e-02, -7.2496642503561007e-03,
            1.7795228834943345e-03, -2.5030248811250648e-03,
            -5.9554923893180581e-02 ]
    }
}
