{
    "calibration_date": "2024-02-17 15:54:24.898151",
    "camera_resolution": {
        "type_id": "opencv-matrix",
        "rows": 2,
        "cols": 1,
        "dt": "d",
        "data": [ 720.0, 1280.0 ]
    },
    "camera_matrix": {
        "type_id": "opencv-matrix",
        "rows": 3,
        "cols": 3,
        "dt": "d",
        "data": [ 9.3628183438895326e+02, 0.0, 6.2693453588656826e+02,
            0.0, 9.3130356141678067e+02, 3.5028675984205927e+02, 0.0,
            0.0, 1.0 ]
    },
    "distortion_coefficients": {
        "type_id": "opencv-matrix",
        "rows": 1,
        "cols": 5,
        "dt": "d",
        "data": [ 7.5035969245719744e-02, -1.1505677882689209e-01,
            -3.6553493521029592e-03, 2.2579582464348721e-03,
            5.8804505299576426e-02 ]
    }
}
