{
    "calibration_date": "2024-03-23 15:06:32.554204",
    "camera_resolution": {
        "type_id": "opencv-matrix",
        "rows": 2,
        "cols": 1,
        "dt": "d",
        "data": [ 1200.0, 1600.0 ]
    },
    "camera_matrix": {
        "type_id": "opencv-matrix",
        "rows": 3,
        "cols": 3,
        "dt": "d",
        "data": [ 9.3156641678263088e+02, 0.0, 7.9353471907288622e+02,
            0.0, 9.3147679460918152e+02, 6.4400897719604131e+02, 0.0,
            0.0, 1.0 ]
    },
    "distortion_coefficients": {
        "type_id": "opencv-matrix",
        "rows": 1,
        "cols": 5,
        "dt": "d",
        "data": [ 7.4082753077332683e-02, -1.0195345806704773e-01,
            4.3187586101737108e-03, 1.4767230523598722e-03,
            3.0185654455073919e-02 ]
    }
}
