{
    "calibration_date": "2024-04-15 20:37:20.898592",
    "camera_resolution": {
        "type_id": "opencv-matrix",
        "rows": 2,
        "cols": 1,
        "dt": "d",
        "data": [ 1080.0, 1920.0 ]
    },
    "camera_matrix": {
        "type_id": "opencv-matrix",
        "rows": 3,
        "cols": 3,
        "dt": "d",
        "data": [ 1.4917040151757701e+03, 0.0, 9.0873237355206038e+02,
            0.0, 1.4831765978630649e+03, 5.5864221032911917e+02, 0.0,
            0.0, 1.0 ]
    },
    "distortion_coefficients": {
        "type_id": "opencv-matrix",
        "rows": 1,
        "cols": 5,
        "dt": "d",
        "data": [ 9.1669563028186601e-02, -3.5163419298980275e-01,
            1.8633722514363267e-03, -1.9290629325409794e-03,
            3.3506662452401020e-01 ]
    }
}
