{
    "calibration_date": "2024-02-17 16:03:59.531352",
    "camera_resolution": {
        "type_id": "opencv-matrix",
        "rows": 2,
        "cols": 1,
        "dt": "d",
        "data": [ 720.0, 1280.0 ]
    },
    "camera_matrix": {
        "type_id": "opencv-matrix",
        "rows": 3,
        "cols": 3,
        "dt": "d",
        "data": [ 9.3634550100469357e+02, 0.0, 6.8604326001392963e+02,
            0.0, 9.3098724303530389e+02, 3.1594980683768665e+02, 0.0,
            0.0, 1.0 ]
    },
    "distortion_coefficients": {
        "type_id": "opencv-matrix",
        "rows": 1,
        "cols": 5,
        "dt": "d",
        "data": [ 7.0208881894500252e-02, -7.6678950593574921e-02,
            -6.2720720150297215e-04, 4.1597759409828508e-03,
            7.9934045846090339e-03 ]
    }
}
