{
    "calibration_date": "2024-01-15 14:09:38.631914",
    "camera_resolution": {
        "type_id": "opencv-matrix",
        "rows": 2,
        "cols": 1,
        "dt": "d",
        "data": [ 720.0, 1280.0 ]
    },
    "camera_matrix": {
        "type_id": "opencv-matrix",
        "rows": 3,
        "cols": 3,
        "dt": "d",
        "data": [ 9.6958749784614974e+02, 0.0, 5.8092941319686588e+02,
            0.0, 9.6318313739916425e+02, 3.6034891296503093e+02, 0.0,
            0.0, 1.0 ]
    },
    "distortion_coefficients": {
        "type_id": "opencv-matrix",
        "rows": 1,
        "cols": 5,
        "dt": "d",
        "data": [ -2.9242478152109844e-02, 6.0508642754386943e-01,
            4.8945034898647093e-03, -2.3900633856725112e-02,
            -1.9285934965379841e+00 ]
    }
}
