{
    "calibration_date": "2024-01-31 00:18:43.048284",
    "camera_resolution": {
        "type_id": "opencv-matrix",
        "rows": 2,
        "cols": 1,
        "dt": "d",
        "data": [ 720.0, 1280.0 ]
    },
    "camera_matrix": {
        "type_id": "opencv-matrix",
        "rows": 3,
        "cols": 3,
        "dt": "d",
        "data": [ 9.0735299743954818e+02, 0.0, 6.2897686716230339e+02,
            0.0, 9.0048717362313278e+02, 3.3864363523069204e+02, 0.0,
            0.0, 1.0 ]
    },
    "distortion_coefficients": {
        "type_id": "opencv-matrix",
        "rows": 1,
        "cols": 5,
        "dt": "d",
        "data": [ 6.3098716433132876e-02, -1.2206150678108187e-01,
            -2.0402363765827892e-07, 1.2876492834034349e-03,
            6.8955193465395345e-02 ]
    }
}
