{
    "calibration_date": "2024-02-23 18:03:07.416045",
    "camera_resolution": {
        "type_id": "opencv-matrix",
        "rows": 2,
        "cols": 1,
        "dt": "d",
        "data": [ 1200.0, 1920.0 ]
    },
    "camera_matrix": {
        "type_id": "opencv-matrix",
        "rows": 3,
        "cols": 3,
        "dt": "d",
        "data": [ 1.0832915588197857e+03, 0.0, 9.8531266727408911e+02,
            0.0, 1.0803365709766163e+03, 5.4251775510683080e+02, 0.0,
            0.0, 1.0 ]
    },
    "distortion_coefficients": {
        "type_id": "opencv-matrix",
        "rows": 1,
        "cols": 5,
        "dt": "d",
        "data": [ 5.5809329031698322e-02, -7.7419776175721142e-02,
            2.9713863398400896e-03, 1.7941691010235422e-03,
            4.1710674660077607e-02 ]
    }
}
